UDP - Reading
-484.4272766113281,-9.344204902648926,360.86541748046875,18809,298,-26828
-484.4272766113281,-9.344204902648926,360.86541748046875,18809,298,-26828
-484.4272766113281,-9.344204902648926,360.86541748046875,18809,298,-26828
-484.4272766113281,-9.344204902648926,360.86541748046875,18809,298,-26828
-484.4272766113281,-9.344204902648926,360.86541748046875,18809,298,-26828
-484.4272766113281,-9.344204902648926,360.86541748046875,18809,298,-26828
-484.4272766113281,-9.344204902648926,360.86541748046875,18809,298,-26828
-484.4272766113281,-9.344204902648926,360.86541748046875,18809,298,-26828
-484.4272766113281,-9.344204902648926,360.86541748046875,18809,298,-26828
-484.4272766113281,-9.344204902648926,360.86541748046875,18809,298,-26828
-484.4272766113281,-9.344204902648926,360.86541748046875,18809,298,-26828
-484.4272766113281,-9.344204902648926,360.86541748046875,18809,298,-26828
-484.4272766113281,-9.344204902648926,360.86541748046875,18809,298,-26828
-484.4272766113281,-9.344204902648926,360.86541748046875,18809,298,-26828
-484.4272766113281,-9.344204902648926,360.86541748046875,18809,298,-26828
-484.4272766113281,-9.344204902648926,360.86541748046875,18810,298,-26828
-484.4272766113281,-9.344204902648926,360.86541748046875,18810,298,-26828
-484.4272766113281,-9.344204902648926,360.86541748046875,18810,298,-26828
-484.4272766113281,-9.344204902648926,360.86541748046875,18810,298,-26828
-484.4272766113281,-9.344204902648926,360.86541748046875,18810,298,-26828
-484.4272766113281,-9.344204902648926,360.86541748046875,18810,298,-26828
-484.4272766113281,-9.344204902648926,360.86541748046875,18810,298,-26828
-484.4272766113281,-9.344204902648926,360.86541748046875,18810,298,-26828
-484.4272766113281,-9.344204902648926,360.86541748046875,18810,298,-26828
-484.4272766113281,-9.344204902648926,360.86541748046875,18810,298,-26828
-484.4272766113281,-9.344204902648926,360.86541748046875,18810,298,-26828
-484.4272766113281,-9.344204902648926,360.86541748046875,18810,298,-26828
-484.4272766113281,-9.344204902648926,360.86541748046875,18810,298,-26828
-484.4272766113281,-9.344204902648926,360.86541748046875,18810,298,-26828
-484.4272766113281,-9.344204902648926,360.86541748046875,18810,298,-26828
-484.4272766113281,-9.344204902648926,360.86541748046875,18810,298,-26828
-484.4272766113281,-9.344204902648926,360.86541748046875,18810,298,-26828
-484.4272766113281,-9.344204902648926,360.86541748046875,18810,298,-26828
-484.4272766113281,-9.344204902648926,360.86541748046875,18810,298,-26828
-484.4272766113281,-9.344204902648926,360.86541748046875,18810,298,-26828
-484.4272766113281,-9.344204902648926,360.86541748046875,18810,298,-26828
-484.4272766113281,-9.344204902648926,360.86541748046875,18810,298,-26828
-484.4272766113281,-9.344204902648926,360.86541748046875,18810,298,-26828
-484.4272766113281,-9.344204902648926,360.86541748046875,18810,298,-26828
-484.4272766113281,-9.344204902648926,360.86541748046875,18810,298,-26828
-484.4272766113281,-9.344204902648926,360.86541748046875,18810,298,-26828
-484.4272766113281,-9.344204902648926,360.86541748046875,18810,298,-26828
-484.4272766113281,-9.344204902648926,360.86541748046875,18810,297,-26828
-484.4272766113281,-9.344204902648926,360.86541748046875,18810,297,-26828
-484.4272766113281,-9.344204902648926,360.86541748046875,18810,297,-26828
-484.4147644042969,-9.344382286071777,360.84686279296875,18815,321,-26824
-484.4147644042969,-9.344382286071777,360.84686279296875,18815,321,-26824
-484.4147644042969,-9.344382286071777,360.84686279296875,18815,321,-26824
-484.3497619628906,-9.343271255493164,360.7530212402344,18825,321,-26817
-484.3497619628906,-9.343271255493164,360.7530212402344,18825,321,-26817
-484.3497619628906,-9.343271255493164,360.7530212402344,18825,321,-26817
-484.1777648925781,-9.3405179977417,360.50604248046875,18844,324,-26804
-484.1777648925781,-9.3405179977417,360.50604248046875,18844,324,-26804
-484.1777648925781,-9.3405179977417,360.50604248046875,18844,324,-26804
-484.054931640625,-9.337983131408691,360.3300476074219,18855,326,-26796
-484.054931640625,-9.337983131408691,360.3300476074219,18855,326,-26796
-484.054931640625,-9.337983131408691,360.3300476074219,18855,326,-26796
-483.73583984375,-9.332788467407227,359.873779296875,18882,323,-26777
-483.73583984375,-9.332788467407227,359.873779296875,18882,323,-26777
-483.73583984375,-9.332788467407227,359.873779296875,18882,323,-26777
-483.43060302734375,-9.327463150024414,359.4385986328125,18905,318,-26761
-483.43060302734375,-9.327463150024414,359.4385986328125,18905,318,-26761
-483.43060302734375,-9.327463150024414,359.4385986328125,18905,318,-26761
-483.0682373046875,-9.321091651916504,358.9231262207031,18930,318,-26743
-483.0682373046875,-9.321091651916504,358.9231262207031,18930,318,-26743
-483.0682373046875,-9.321091651916504,358.9231262207031,18930,318,-26743
-482.6488342285156,-9.314669609069824,358.3279113769531,18957,314,-26723
-482.6488342285156,-9.314669609069824,358.3279113769531,18957,314,-26723
-482.6488342285156,-9.314669609069824,358.3279113769531,18957,314,-26723
-482.16998291015625,-9.305950164794922,357.650146484375,18986,309,-26703
-482.16998291015625,-9.305950164794922,357.650146484375,18986,309,-26703
-482.16998291015625,-9.305950164794922,357.650146484375,18986,309,-26703
-481.6324462890625,-9.297569274902344,356.8911437988281,19016,315,-26682
-481.6324462890625,-9.297569274902344,356.8911437988281,19016,315,-26682
-481.6324462890625,-9.297569274902344,356.8911437988281,19016,315,-26682
-481.0341491699219,-9.287812232971191,356.04986572265625,19038,301,-26666
-481.0341491699219,-9.287812232971191,356.04986572265625,19038,301,-26666
-481.0341491699219,-9.287812232971191,356.04986572265625,19038,301,-26666
-480.38482666015625,-9.275961875915527,355.14068603515625,19039,302,-26666
-480.38482666015625,-9.275961875915527,355.14068603515625,19039,302,-26666
-480.38482666015625,-9.275961875915527,355.14068603515625,19039,302,-26666
-479.6748046875,-9.265100479125977,354.1463317871094,19039,308,-26666
-479.6748046875,-9.265100479125977,354.1463317871094,19039,308,-26666
-479.6748046875,-9.265100479125977,354.1463317871094,19039,308,-26666
-478.9053649902344,-9.252592086791992,353.06915283203125,19039,327,-26665
-478.9053649902344,-9.252592086791992,353.06915283203125,19039,327,-26665
-478.9053649902344,-9.252592086791992,353.06915283203125,19039,327,-26665
-478.0749816894531,-9.236809730529785,351.90643310546875,19039,340,-26666
-478.0749816894531,-9.236809730529785,351.90643310546875,19039,340,-26666
-478.0749816894531,-9.236809730529785,351.90643310546875,19039,340,-26666
-476.8756103515625,-9.216778755187988,350.22698974609375,19038,332,-26666
-476.8756103515625,-9.216778755187988,350.22698974609375,19038,332,-26666
-476.8756103515625,-9.216778755187988,350.22698974609375,19038,332,-26666
-475.9030456542969,-9.199661254882812,348.8650207519531,19038,346,-26665
-475.9030456542969,-9.199661254882812,348.8650207519531,19038,346,-26665
-475.9030456542969,-9.199661254882812,348.8650207519531,19038,346,-26665
-474.5009765625,-9.17387866973877,346.9016418457031,19039,366,-26665
-474.5009765625,-9.17387866973877,346.9016418457031,19039,366,-26665
-474.5009765625,-9.17387866973877,346.9016418457031,19039,366,-26665
-473.7586975097656,-9.162280082702637,345.862060546875,19039,338,-26665
-473.7586975097656,-9.162280082702637,345.862060546875,19039,338,-26665
-473.7586975097656,-9.162280082702637,345.862060546875,19039,338,-26665
-472.59033203125,-9.140289306640625,344.225830078125,19039,317,-26665
-472.59033203125,-9.140289306640625,344.225830078125,19039,317,-26665
-472.59033203125,-9.140289306640625,344.225830078125,19039,317,-26665
-471.3539123535156,-9.121224403381348,342.494384765625,19040,362,-26664
-471.3539123535156,-9.121224403381348,342.494384765625,19040,362,-26664
-471.3539123535156,-9.121224403381348,342.494384765625,19040,362,-26664
-470.04248046875,-9.09561824798584,340.6579284667969,19040,408,-26664
-470.04248046875,-9.09561824798584,340.6579284667969,19040,408,-26664
-470.04248046875,-9.09561824798584,340.6579284667969,19040,408,-26664
-468.6605529785156,-9.0656156539917,338.72271728515625,19040,471,-26662
-468.6605529785156,-9.0656156539917,338.72271728515625,19040,471,-26662
-468.6605529785156,-9.0656156539917,338.72271728515625,19040,471,-26662
-467.2164306640625,-9.03194522857666,336.70037841796875,19041,494,-26661
-467.2164306640625,-9.03194522857666,336.70037841796875,19041,494,-26661
-467.2164306640625,-9.03194522857666,336.70037841796875,19041,494,-26661
-465.7112121582031,-8.996692657470703,334.5863037109375,19005,467,-26687
-465.7112121582031,-8.996692657470703,334.5863037109375,19005,467,-26687
-465.7112121582031,-8.996692657470703,334.5863037109375,19005,467,-26687
-464.14764404296875,-8.959084510803223,332.3839111328125,18955,468,-26723
-464.14764404296875,-8.959084510803223,332.3839111328125,18955,468,-26723
-464.14764404296875,-8.959084510803223,332.3839111328125,18955,468,-26723
-462.5111083984375,-8.922102928161621,330.0764465332031,18943,439,-26732
-462.5111083984375,-8.922102928161621,330.0764465332031,18943,439,-26732
-462.5111083984375,-8.922102928161621,330.0764465332031,18943,439,-26732
-460.8121032714844,-8.881275177001953,327.6789245605469,18943,458,-26732
-460.8121032714844,-8.881275177001953,327.6789245605469,18943,458,-26732
-460.8121032714844,-8.881275177001953,327.6789245605469,18943,458,-26732
-459.05682373046875,-8.841287612915039,325.20147705078125,18942,458,-26732
-459.05682373046875,-8.841287612915039,325.20147705078125,18942,458,-26732
-459.05682373046875,-8.841287612915039,325.20147705078125,18942,458,-26732
-456.6383056640625,-8.783767700195312,321.7883605957031,18942,469,-26733
-456.6383056640625,-8.783767700195312,321.7883605957031,18942,469,-26733
-456.6383056640625,-8.783767700195312,321.7883605957031,18942,469,-26733
-454.75537109375,-8.737621307373047,319.130859375,18941,475,-26733
-454.75537109375,-8.737621307373047,319.130859375,18941,475,-26733
-454.75537109375,-8.737621307373047,319.130859375,18941,475,-26733
-452.80621337890625,-8.693533897399902,316.3795471191406,18940,487,-26733
-452.80621337890625,-8.693533897399902,316.3795471191406,18940,487,-26733
-452.80621337890625,-8.693533897399902,316.3795471191406,18940,487,-26733
-450.78302001953125,-8.645720481872559,313.5235595703125,18940,494,-26733
-450.78302001953125,-8.645720481872559,313.5235595703125,18940,494,-26733
-450.78302001953125,-8.645720481872559,313.5235595703125,18940,494,-26733
-448.7055358886719,-8.59377384185791,310.5914306640625,18940,527,-26733
-448.7055358886719,-8.59377384185791,310.5914306640625,18940,527,-26733
-448.7055358886719,-8.59377384185791,310.5914306640625,18940,527,-26733
-446.5628356933594,-8.546483039855957,307.5672607421875,18941,371,-26734
-446.5628356933594,-8.546483039855957,307.5672607421875,18941,371,-26734
-446.5628356933594,-8.546483039855957,307.5672607421875,18941,371,-26734
-444.35504150390625,-8.4998197555542,304.45123291015625,18941,435,-26734
-444.35504150390625,-8.4998197555542,304.45123291015625,18941,435,-26734
-444.35504150390625,-8.4998197555542,304.45123291015625,18941,435,-26734
-442.0598449707031,-8.450544357299805,301.2115478515625,18941,453,-26733
-442.0598449707031,-8.450544357299805,301.2115478515625,18941,453,-26733
-442.0598449707031,-8.450544357299805,301.2115478515625,18941,453,-26733
-438.8710632324219,-8.384313583374023,296.7109680175781,18941,405,-26734
-438.8710632324219,-8.384313583374023,296.7109680175781,18941,405,-26734
-438.8710632324219,-8.384313583374023,296.7109680175781,18941,405,-26734
-436.4013671875,-8.334635734558105,293.2254638671875,18941,450,-26733
-436.4013671875,-8.334635734558105,293.2254638671875,18941,450,-26733
-436.4013671875,-8.334635734558105,293.2254638671875,18941,450,-26733
-433.8555603027344,-8.277006149291992,289.6324157714844,18942,512,-26732
-433.8555603027344,-8.277006149291992,289.6324157714844,18942,512,-26732
-433.8555603027344,-8.277006149291992,289.6324157714844,18942,512,-26732
-431.2356262207031,-8.20677375793457,285.9352722167969,18942,575,-26730
-431.2356262207031,-8.20677375793457,285.9352722167969,18942,575,-26730
-431.2356262207031,-8.20677375793457,285.9352722167969,18942,575,-26730
-427.6130676269531,-8.110631942749023,280.8235168457031,18942,516,-26731
-427.6130676269531,-8.110631942749023,280.8235168457031,18942,516,-26731
-427.6130676269531,-8.110631942749023,280.8235168457031,18942,516,-26731
-425.74652099609375,-8.064950942993164,278.1897277832031,18943,520,-26731
-425.74652099609375,-8.064950942993164,278.1897277832031,18943,520,-26731
-425.74652099609375,-8.064950942993164,278.1897277832031,18943,520,-26731
-421.9119567871094,-7.966705322265625,272.7788391113281,18943,532,-26730
-421.9119567871094,-7.966705322265625,272.7788391113281,18943,532,-26730
-421.9119567871094,-7.966705322265625,272.7788391113281,18943,532,-26730
-418.94952392578125,-7.895866394042969,268.59893798828125,18944,445,-26731
-418.94952392578125,-7.895866394042969,268.59893798828125,18944,445,-26731
-418.94952392578125,-7.895866394042969,268.59893798828125,18944,445,-26731
-415.91424560546875,-7.830286502838135,264.3162841796875,18945,459,-26730
-415.91424560546875,-7.830286502838135,264.3162841796875,18945,459,-26730
-415.91424560546875,-7.830286502838135,264.3162841796875,18945,459,-26730
-412.8277282714844,-7.757508277893066,259.9615478515625,18946,535,-26728
-412.8277282714844,-7.757508277893066,259.9615478515625,18946,535,-26728
-412.8277282714844,-7.757508277893066,259.9615478515625,18946,535,-26728
-409.6971130371094,-7.668381690979004,255.54515075683594,18947,530,-26727
-409.6971130371094,-7.668381690979004,255.54515075683594,18947,530,-26727
-409.6971130371094,-7.668381690979004,255.54515075683594,18947,530,-26727
-406.5106506347656,-7.589745044708252,251.05067443847656,18949,537,-26726
-406.5106506347656,-7.589745044708252,251.05067443847656,18949,537,-26726
-406.5106506347656,-7.589745044708252,251.05067443847656,18949,537,-26726
-403.2713928222656,-7.4981369972229,246.4824981689453,18949,677,-26723
-403.2713928222656,-7.4981369972229,246.4824981689453,18949,677,-26723
-403.2713928222656,-7.4981369972229,246.4824981689453,18949,677,-26723
-399.97576904296875,-7.389981269836426,241.8349151611328,18951,648,-26722
-399.97576904296875,-7.389981269836426,241.8349151611328,18951,648,-26722
-399.97576904296875,-7.389981269836426,241.8349151611328,18951,648,-26722
-396.6268615722656,-7.2926788330078125,237.11277770996094,18951,591,-26723
-396.6268615722656,-7.2926788330078125,237.11277770996094,18951,591,-26723
-396.6268615722656,-7.2926788330078125,237.11277770996094,18951,591,-26723
-393.2340393066406,-7.198558807373047,232.32847595214844,18951,535,-26724
-393.2340393066406,-7.198558807373047,232.32847595214844,18951,535,-26724
-393.2340393066406,-7.198558807373047,232.32847595214844,18951,535,-26724
-389.7825927734375,-7.11406135559082,227.4613800048828,18951,522,-26725
-389.7825927734375,-7.11406135559082,227.4613800048828,18951,522,-26725
-389.7825927734375,-7.11406135559082,227.4613800048828,18951,522,-26725
-386.27703857421875,-7.031270503997803,222.51808166503906,18953,460,-26725
-386.27703857421875,-7.031270503997803,222.51808166503906,18953,460,-26725
-386.27703857421875,-7.031270503997803,222.51808166503906,18953,460,-26725
-382.7121887207031,-6.955916881561279,217.49114990234375,18953,422,-26725
-382.7121887207031,-6.955916881561279,217.49114990234375,18953,422,-26725
-382.7121887207031,-6.955916881561279,217.49114990234375,18953,422,-26725
-377.91241455078125,-6.867984771728516,210.72300720214844,18953,454,-26724
-377.91241455078125,-6.867984771728516,210.72300720214844,18953,454,-26724
-377.91241455078125,-6.867984771728516,210.72300720214844,18953,454,-26724
-374.28759765625,-6.78658390045166,205.6117706298828,18954,474,-26724
-374.28759765625,-6.78658390045166,205.6117706298828,18954,474,-26724
-374.28759765625,-6.78658390045166,205.6117706298828,18954,474,-26724
-370.61700439453125,-6.71096658706665,200.43653869628906,18955,470,-26723
-370.61700439453125,-6.71096658706665,200.43653869628906,18955,470,-26723
-370.61700439453125,-6.71096658706665,200.43653869628906,18955,470,-26723
-365.640625,-6.573644638061523,193.42454528808594,18978,621,-26703
-365.640625,-6.573644638061523,193.42454528808594,18978,621,-26703
-365.640625,-6.573644638061523,193.42454528808594,18978,621,-26703
-363.1135559082031,-6.497716426849365,189.88832092285156,19090,627,-26624
-363.1135559082031,-6.497716426849365,189.88832092285156,19090,627,-26624
-363.1135559082031,-6.497716426849365,189.88832092285156,19090,627,-26624
-357.9673156738281,-6.346418380737305,182.7532958984375,19236,655,-26518
-357.9673156738281,-6.346418380737305,182.7532958984375,19236,655,-26518
-357.9673156738281,-6.346418380737305,182.7532958984375,19236,655,-26518
-355.357177734375,-6.266973495483398,179.15841674804688,19271,647,-26492
-355.357177734375,-6.266973495483398,179.15841674804688,19271,647,-26492
-355.357177734375,-6.266973495483398,179.15841674804688,19271,647,-26492
-351.3741149902344,-6.140359401702881,173.73641967773438,19522,724,-26306
-351.3741149902344,-6.140359401702881,173.73641967773438,19522,724,-26306
-351.3741149902344,-6.140359401702881,173.73641967773438,19522,724,-26306
-347.28240966796875,-6.004014015197754,168.3450164794922,20110,670,-25860
-347.28240966796875,-6.004014015197754,168.3450164794922,20110,670,-25860
-347.28240966796875,-6.004014015197754,168.3450164794922,20110,670,-25860
-343.02691650390625,-5.885128974914551,163.01307678222656,20878,581,-25247
-343.02691650390625,-5.885128974914551,163.01307678222656,20878,581,-25247
-343.02691650390625,-5.885128974914551,163.01307678222656,20878,581,-25247
-338.545166015625,-5.774621486663818,157.78846740722656,21951,685,-24317
-338.545166015625,-5.774621486663818,157.78846740722656,21951,685,-24317
-338.545166015625,-5.774621486663818,157.78846740722656,21951,685,-24317
-333.8111877441406,-5.637895584106445,152.73101806640625,23138,691,-23190
-333.8111877441406,-5.637895584106445,152.73101806640625,23138,691,-23190
-333.8111877441406,-5.637895584106445,152.73101806640625,23138,691,-23190
-327.1573791503906,-5.4761528968811035,146.2381134033203,24157,634,-22129
-327.1573791503906,-5.4761528968811035,146.2381134033203,24157,634,-22129
-327.1573791503906,-5.4761528968811035,146.2381134033203,24157,634,-22129
-323.6723937988281,-5.396694660186768,143.0955047607422,24701,584,-21521
-323.6723937988281,-5.396694660186768,143.0955047607422,24701,584,-21521
-323.6723937988281,-5.396694660186768,143.0955047607422,24701,584,-21521
-318.2552490234375,-5.2951812744140625,138.54759216308594,25738,469,-20273
-318.2552490234375,-5.2951812744140625,138.54759216308594,25738,469,-20273
-318.2552490234375,-5.2951812744140625,138.54759216308594,25738,469,-20273
-312.6238708496094,-5.2496747970581055,134.24249267578125,26902,313,-18703
-312.6238708496094,-5.2496747970581055,134.24249267578125,26902,313,-18703
-312.6238708496094,-5.2496747970581055,134.24249267578125,26902,313,-18703
-306.7829895019531,-5.159571647644043,130.28257751464844,28082,421,-16877
-306.7829895019531,-5.159571647644043,130.28257751464844,28082,421,-16877
-306.7829895019531,-5.159571647644043,130.28257751464844,28082,421,-16877
-300.9682312011719,-5.055516242980957,126.79127502441406,29185,418,-14889
-300.9682312011719,-5.055516242980957,126.79127502441406,29185,418,-14889
-300.9682312011719,-5.055516242980957,126.79127502441406,29185,418,-14889
-295.0987854003906,-5.008272171020508,123.66852569580078,30098,65,-12951
-295.0987854003906,-5.008272171020508,123.66852569580078,30098,65,-12951
-295.0987854003906,-5.008272171020508,123.66852569580078,30098,65,-12951
-289.0638732910156,-4.989349365234375,120.89078521728516,30842,224,-11060
-289.0638732910156,-4.989349365234375,120.89078521728516,30842,224,-11060
-289.0638732910156,-4.989349365234375,120.89078521728516,30842,224,-11060
-280.7548828125,-4.91375207901001,117.79583740234375,31591,476,-8684
-280.7548828125,-4.91375207901001,117.79583740234375,31591,476,-8684
-280.7548828125,-4.91375207901001,117.79583740234375,31591,476,-8684
-276.5031433105469,-4.850765705108643,116.51471710205078,31879,520,-7557
-276.5031433105469,-4.850765705108643,116.51471710205078,31879,520,-7557
-276.5031433105469,-4.850765705108643,116.51471710205078,31879,520,-7557
-267.7874450683594,-4.712040901184082,114.44835662841797,32315,603,-5389
-267.7874450683594,-4.712040901184082,114.44835662841797,32315,603,-5389
-267.7874450683594,-4.712040901184082,114.44835662841797,32315,603,-5389
-261.10992431640625,-4.595580577850342,113.3199462890625,32513,592,-4023
-261.10992431640625,-4.595580577850342,113.3199462890625,32513,592,-4023
-261.10992431640625,-4.595580577850342,113.3199462890625,32513,592,-4023
-254.3531494140625,-4.4877729415893555,112.52640533447266,32647,556,-2736
-254.3531494140625,-4.4877729415893555,112.52640533447266,32647,556,-2736
-254.3531494140625,-4.4877729415893555,112.52640533447266,32647,556,-2736
-247.498779296875,-4.394957542419434,112.05448913574219,32743,447,-1167
-247.498779296875,-4.394957542419434,112.05448913574219,32743,447,-1167
-247.498779296875,-4.394957542419434,112.05448913574219,32743,447,-1167
-240.6024627685547,-4.331432819366455,111.9187240600586,32759,244,675
-240.6024627685547,-4.331432819366455,111.9187240600586,32759,244,675
-240.6024627685547,-4.331432819366455,111.9187240600586,32759,244,675
-233.6669921875,-4.303886890411377,112.1395034790039,32659,150,2642
-233.6669921875,-4.303886890411377,112.1395034790039,32659,150,2642
-233.6669921875,-4.303886890411377,112.1395034790039,32659,150,2642
-226.72300720214844,-4.281715393066406,112.75373077392578,32431,297,4665
-226.72300720214844,-4.281715393066406,112.75373077392578,32431,297,4665
-226.72300720214844,-4.281715393066406,112.75373077392578,32431,297,4665
-219.80123901367188,-4.193109035491943,113.80435180664062,32060,575,6744
-219.80123901367188,-4.193109035491943,113.80435180664062,32060,575,6744
-219.80123901367188,-4.193109035491943,113.80435180664062,32060,575,6744
-212.92991638183594,-4.061924934387207,115.234375,31694,784,8276
-212.92991638183594,-4.061924934387207,115.234375,31694,784,8276
-212.92991638183594,-4.061924934387207,115.234375,31694,784,8276
-206.07765197753906,-3.8930630683898926,116.99449157714844,31493,918,8999
-206.07765197753906,-3.8930630683898926,116.99449157714844,31493,918,8999
-206.07765197753906,-3.8930630683898926,116.99449157714844,31493,918,8999
-199.20008850097656,-3.6975760459899902,118.9493637084961,31447,990,9151
-199.20008850097656,-3.6975760459899902,118.9493637084961,31447,990,9151
-199.20008850097656,-3.6975760459899902,118.9493637084961,31447,990,9151
-192.28939819335938,-3.4852278232574463,120.92521667480469,31520,1034,8890
-192.28939819335938,-3.4852278232574463,120.92521667480469,31520,1034,8890
-192.28939819335938,-3.4852278232574463,120.92521667480469,31520,1034,8890
-185.34063720703125,-3.272282838821411,122.7978286743164,31738,999,8083
-185.34063720703125,-3.272282838821411,122.7978286743164,31738,999,8083
-185.34063720703125,-3.272282838821411,122.7978286743164,31738,999,8083
-178.39437866210938,-3.0627448558807373,124.42398071289062,32082,950,6595
-178.39437866210938,-3.0627448558807373,124.42398071289062,32082,950,6595
-178.39437866210938,-3.0627448558807373,124.42398071289062,32082,950,6595
-171.48887634277344,-2.8744101524353027,125.69798278808594,32428,853,4619
-171.48887634277344,-2.8744101524353027,125.69798278808594,32428,853,4619
-171.48887634277344,-2.8744101524353027,125.69798278808594,32428,853,4619
-164.6724853515625,-2.7168407440185547,126.58155059814453,32666,674,2479
-164.6724853515625,-2.7168407440185547,126.58155059814453,32666,674,2479
-164.6724853515625,-2.7168407440185547,126.58155059814453,32666,674,2479
-157.8493194580078,-2.598997116088867,127.08755493164062,32760,509,377
-157.8493194580078,-2.598997116088867,127.08755493164062,32760,509,377
-157.8493194580078,-2.598997116088867,127.08755493164062,32760,509,377
-150.96827697753906,-2.530268430709839,127.2295150756836,32726,281,-1595
-150.96827697753906,-2.530268430709839,127.2295150756836,32726,281,-1595
-150.96827697753906,-2.530268430709839,127.2295150756836,32726,281,-1595
-144.0701904296875,-2.5130667686462402,127.01294708251953,32597,45,-3330
-144.0701904296875,-2.5130667686462402,127.01294708251953,32597,45,-3330
-144.0701904296875,-2.5130667686462402,127.01294708251953,32597,45,-3330
-137.147216796875,-2.511906147003174,126.4242935180664,32431,87,-4674
-137.147216796875,-2.511906147003174,126.4242935180664,32431,87,-4674
-137.147216796875,-2.511906147003174,126.4242935180664,32431,87,-4674
-130.21121215820312,-2.4990923404693604,125.46220397949219,32283,119,-5605
-130.21121215820312,-2.4990923404693604,125.46220397949219,32283,119,-5605
-130.21121215820312,-2.4990923404693604,125.46220397949219,32283,119,-5605
-120.95704650878906,-2.4769394397735596,123.84744262695312,32229,155,-5909
-120.95704650878906,-2.4769394397735596,123.84744262695312,32229,155,-5909
-120.95704650878906,-2.4769394397735596,123.84744262695312,32229,155,-5909
-113.97161865234375,-2.4535233974456787,122.59974670410156,32273,177,-5664
-113.97161865234375,-2.4535233974456787,122.59974670410156,32273,177,-5664
-113.97161865234375,-2.4535233974456787,122.59974670410156,32273,177,-5664
-106.94029998779297,-2.42769455909729,121.35478973388672,32263,200,-5720
-106.94029998779297,-2.42769455909729,121.35478973388672,32263,200,-5720
-106.94029998779297,-2.42769455909729,121.35478973388672,32263,200,-5720
-99.85951232910156,-2.395904779434204,120.04244995117188,32166,208,-6241
-99.85951232910156,-2.395904779434204,120.04244995117188,32166,208,-6241
-99.85951232910156,-2.395904779434204,120.04244995117188,32166,208,-6241
-92.75453186035156,-2.366055488586426,118.54976654052734,31926,217,-7369
-92.75453186035156,-2.366055488586426,118.54976654052734,31926,217,-7369
-92.75453186035156,-2.366055488586426,118.54976654052734,31926,217,-7369
-85.70356750488281,-2.3306422233581543,116.7668685913086,31481,201,-9084
-85.70356750488281,-2.3306422233581543,116.7668685913086,31481,201,-9084
-85.70356750488281,-2.3306422233581543,116.7668685913086,31481,201,-9084
-78.76361083984375,-2.297736883163452,114.63158416748047,30846,204,-11049
-78.76361083984375,-2.297736883163452,114.63158416748047,30846,204,-11049
-78.76361083984375,-2.297736883163452,114.63158416748047,30846,204,-11049
-69.67784881591797,-2.2560904026031494,111.17575073242188,29799,197,-13625
-69.67784881591797,-2.2560904026031494,111.17575073242188,29799,197,-13625
-69.67784881591797,-2.2560904026031494,111.17575073242188,29799,197,-13625
-63.00357437133789,-2.2273402214050293,108.11148071289062,28908,182,-15425
-63.00357437133789,-2.2273402214050293,108.11148071289062,28908,182,-15425
-63.00357437133789,-2.2273402214050293,108.11148071289062,28908,182,-15425
-56.491085052490234,-2.2038309574127197,104.65619659423828,27975,166,-17059
-56.491085052490234,-2.2038309574127197,104.65619659423828,27975,166,-17059
-56.491085052490234,-2.2038309574127197,104.65619659423828,27975,166,-17059
-50.14785385131836,-2.183105707168579,100.85103607177734,27246,141,-18201
-50.14785385131836,-2.183105707168579,100.85103607177734,27246,141,-18201
-50.14785385131836,-2.183105707168579,100.85103607177734,27246,141,-18201
-43.95557403564453,-2.1719276905059814,96.74546813964844,26816,117,-18829
-43.95557403564453,-2.1719276905059814,96.74546813964844,26816,117,-18829
-43.95557403564453,-2.1719276905059814,96.74546813964844,26816,117,-18829
-37.87798309326172,-2.1635820865631104,92.44208526611328,26503,67,-19267
-37.87798309326172,-2.1635820865631104,92.44208526611328,26503,67,-19267
-37.87798309326172,-2.1635820865631104,92.44208526611328,26503,67,-19267
-29.817020416259766,-2.1619720458984375,86.5655517578125,26389,102,-19422
-29.817020416259766,-2.1619720458984375,86.5655517578125,26389,102,-19422
-29.817020416259766,-2.1619720458984375,86.5655517578125,26389,102,-19422
-23.7742862701416,-2.1517839431762695,82.07905578613281,26201,132,-19676
-23.7742862701416,-2.1517839431762695,82.07905578613281,26201,132,-19676
-23.7742862701416,-2.1517839431762695,82.07905578613281,26201,132,-19676
-17.73955726623535,-2.132380962371826,77.44161224365234,25691,155,-20337
-17.73955726623535,-2.132380962371826,77.44161224365234,25691,155,-20337
-17.73955726623535,-2.132380962371826,77.44161224365234,25691,155,-20337
-9.857611656188965,-2.1007938385009766,70.939208984375,24644,192,-21593
-9.857611656188965,-2.1007938385009766,70.939208984375,24644,192,-21593
-9.857611656188965,-2.1007938385009766,70.939208984375,24644,192,-21593
-6.025421142578125,-2.080397129058838,67.55692291259766,24171,202,-22121
-6.025421142578125,-2.080397129058838,67.55692291259766,24171,202,-22121
-6.025421142578125,-2.080397129058838,67.55692291259766,24171,202,-22121
1.4092425107955933,-2.036712408065796,60.525726318359375,23123,225,-23214
1.4092425107955933,-2.036712408065796,60.525726318359375,23123,225,-23214
1.4092425107955933,-2.036712408065796,60.525726318359375,23123,225,-23214
6.799191951751709,-1.9978784322738647,55.008853912353516,22376,239,-23935
6.799191951751709,-1.9978784322738647,55.008853912353516,22376,239,-23935
6.799191951751709,-1.9978784322738647,55.008853912353516,22376,239,-23935
12.13099193572998,-1.956936240196228,49.32787322998047,22260,257,-24043
12.13099193572998,-1.956936240196228,49.32787322998047,22260,257,-24043
12.13099193572998,-1.956936240196228,49.32787322998047,22260,257,-24043
17.491947174072266,-1.9130973815917969,43.623069763183594,22602,260,-23721
17.491947174072266,-1.9130973815917969,43.623069763183594,22602,260,-23721
17.491947174072266,-1.9130973815917969,43.623069763183594,22602,260,-23721
22.93741798400879,-1.8652483224868774,37.98817443847656,23041,265,-23296
22.93741798400879,-1.8652483224868774,37.98817443847656,23041,265,-23296
22.93741798400879,-1.8652483224868774,37.98817443847656,23041,265,-23296
28.492246627807617,-1.8204084634780884,32.47138977050781,23571,269,-22759
28.492246627807617,-1.8204084634780884,32.47138977050781,23571,269,-22759
28.492246627807617,-1.8204084634780884,32.47138977050781,23571,269,-22759
34.138160705566406,-1.7731478214263916,27.027645111083984,23742,265,-22580
34.138160705566406,-1.7731478214263916,27.027645111083984,23742,265,-22580
34.138160705566406,-1.7731478214263916,27.027645111083984,23742,265,-22580
39.834102630615234,-1.7265563011169434,21.620262145996094,23835,133,-22484
39.834102630615234,-1.7265563011169434,21.620262145996094,23835,133,-22484
39.834102630615234,-1.7265563011169434,21.620262145996094,23835,133,-22484
45.34043502807617,-1.6819546222686768,16.45852279663086,23995,125,-22313
45.34043502807617,-1.6819546222686768,16.45852279663086,23995,125,-22313
45.34043502807617,-1.6819546222686768,16.45852279663086,23995,125,-22313
50.56025695800781,-1.637547254562378,11.60881519317627,24057,144,-22246
50.56025695800781,-1.637547254562378,11.60881519317627,24057,144,-22246
50.56025695800781,-1.637547254562378,11.60881519317627,24057,144,-22246
57.13569641113281,-1.5850530862808228,5.6070356369018555,24397,97,-21873
57.13569641113281,-1.5850530862808228,5.6070356369018555,24397,97,-21873
57.13569641113281,-1.5850530862808228,5.6070356369018555,24397,97,-21873
60.32257843017578,-1.5651415586471558,2.8033652305603027,24790,54,-21426
60.32257843017578,-1.5651415586471558,2.8033652305603027,24790,54,-21426
60.32257843017578,-1.5651415586471558,2.8033652305603027,24790,54,-21426
64.97073364257812,-1.538899302482605,-1.0984126329421997,25508,65,-20566
64.97073364257812,-1.538899302482605,-1.0984126329421997,25508,65,-20566
64.97073364257812,-1.538899302482605,-1.0984126329421997,25508,65,-20566
69.39952850341797,-1.5014770030975342,-4.66118860244751,25820,148,-20172
69.39952850341797,-1.5014770030975342,-4.66118860244751,25820,148,-20172
69.39952850341797,-1.5014770030975342,-4.66118860244751,25820,148,-20172
73.64852142333984,-1.4595999717712402,-7.959929466247559,26002,222,-19937
73.64852142333984,-1.4595999717712402,-7.959929466247559,26002,222,-19937
73.64852142333984,-1.4595999717712402,-7.959929466247559,26002,222,-19937
77.73981475830078,-1.4059617519378662,-11.023077964782715,26399,235,-19408
77.73981475830078,-1.4059617519378662,-11.023077964782715,26399,235,-19408
77.73981475830078,-1.4059617519378662,-11.023077964782715,26399,235,-19408
81.6783447265625,-1.3551565408706665,-13.797083854675293,27071,261,-18459
81.6783447265625,-1.3551565408706665,-13.797083854675293,27071,261,-18459
81.6783447265625,-1.3551565408706665,-13.797083854675293,27071,261,-18459
85.52000427246094,-1.3132879734039307,-16.270347595214844,27934,174,-17126
85.52000427246094,-1.3132879734039307,-16.270347595214844,27934,174,-17126
85.52000427246094,-1.3132879734039307,-16.270347595214844,27934,174,-17126
90.50206756591797,-1.2801581621170044,-19.083532333374023,29232,38,-14803
90.50206756591797,-1.2801581621170044,-19.083532333374023,29232,38,-14803
90.50206756591797,-1.2801581621170044,-19.083532333374023,29232,38,-14803
92.96790313720703,-1.276411771774292,-20.297935485839844,29823,-77,-13571
92.96790313720703,-1.276411771774292,-20.297935485839844,29823,-77,-13571
92.96790313720703,-1.276411771774292,-20.297935485839844,29823,-77,-13571
96.6263427734375,-1.2797133922576904,-21.87666130065918,30638,-65,-11615
96.6263427734375,-1.2797133922576904,-21.87666130065918,30638,-65,-11615
96.6263427734375,-1.2797133922576904,-21.87666130065918,30638,-65,-11615
100.24613189697266,-1.2594609260559082,-23.138090133666992,31338,217,-9566
100.24613189697266,-1.2594609260559082,-23.138090133666992,31338,217,-9566
100.24613189697266,-1.2594609260559082,-23.138090133666992,31338,217,-9566
103.8321533203125,-1.2203071117401123,-24.09613800048828,31909,355,-7437
103.8321533203125,-1.2203071117401123,-24.09613800048828,31909,355,-7437
103.8321533203125,-1.2203071117401123,-24.09613800048828,31909,355,-7437
107.36982727050781,-1.1751559972763062,-24.773258209228516,32355,380,-5165
107.36982727050781,-1.1751559972763062,-24.773258209228516,32355,380,-5165
107.36982727050781,-1.1751559972763062,-24.773258209228516,32355,380,-5165
110.84058380126953,-1.126334309577942,-25.176353454589844,32650,445,-2728
110.84058380126953,-1.126334309577942,-25.176353454589844,32650,445,-2728
110.84058380126953,-1.126334309577942,-25.176353454589844,32650,445,-2728
115.37509155273438,-1.0732308626174927,-25.315256118774414,32759,252,649
115.37509155273438,-1.0732308626174927,-25.315256118774414,32759,252,649
115.37509155273438,-1.0732308626174927,-25.315256118774414,32759,252,649
117.61479949951172,-1.0537714958190918,-25.217885971069336,32680,176,2372
117.61479949951172,-1.0537714958190918,-25.217885971069336,32680,176,2372
117.61479949951172,-1.0537714958190918,-25.217885971069336,32680,176,2372
120.9540786743164,-1.041933298110962,-24.874364852905273,32389,30,4956
120.9540786743164,-1.041933298110962,-24.874364852905273,32389,30,4956
120.9540786743164,-1.041933298110962,-24.874364852905273,32389,30,4956
125.37200164794922,-1.0521135330200195,-24.03752899169922,31710,-248,8248
125.37200164794922,-1.0521135330200195,-24.03752899169922,31710,-248,8248
125.37200164794922,-1.0521135330200195,-24.03752899169922,31710,-248,8248
128.61868286132812,-1.0730549097061157,-23.127113342285156,31025,-182,10538
128.61868286132812,-1.0730549097061157,-23.127113342285156,31025,-182,10538
128.61868286132812,-1.0730549097061157,-23.127113342285156,31025,-182,10538
131.80545043945312,-1.08916437625885,-21.963153839111328,30234,-153,12630
131.80545043945312,-1.08916437625885,-21.963153839111328,30234,-153,12630
131.80545043945312,-1.08916437625885,-21.963153839111328,30234,-153,12630
134.93212890625,-1.1005926132202148,-20.55008888244629,29327,-84,14613
134.93212890625,-1.1005926132202148,-20.55008888244629,29327,-84,14613
134.93212890625,-1.1005926132202148,-20.55008888244629,29327,-84,14613
137.94168090820312,-1.1045328378677368,-18.908950805664062,28297,-10,16520
137.94168090820312,-1.1045328378677368,-18.908950805664062,28297,-10,16520
137.94168090820312,-1.1045328378677368,-18.908950805664062,28297,-10,16520
141.75035095214844,-1.0996404886245728,-16.395597457885742,26645,28,19071
141.75035095214844,-1.0996404886245728,-16.395597457885742,26645,28,19071
141.75035095214844,-1.0996404886245728,-16.395597457885742,26645,28,19071
144.4120330810547,-1.0907009840011597,-14.297857284545898,25156,97,20995
144.4120330810547,-1.0907009840011597,-14.297857284545898,25156,97,20995
144.4120330810547,-1.0907009840011597,-14.297857284545898,25156,97,20995
146.93023681640625,-1.076993703842163,-11.999248504638672,23522,131,22811
146.93023681640625,-1.076993703842163,-11.999248504638672,23522,131,22811
146.93023681640625,-1.076993703842163,-11.999248504638672,23522,131,22811
150.0526123046875,-1.0514240264892578,-8.62307071685791,21144,206,25030
150.0526123046875,-1.0514240264892578,-8.62307071685791,21144,206,25030
150.0526123046875,-1.0514240264892578,-8.62307071685791,21144,206,25030
151.5120086669922,-1.035474419593811,-6.800064563751221,19884,195,26042
151.5120086669922,-1.035474419593811,-6.800064563751221,19884,195,26042
151.5120086669922,-1.035474419593811,-6.800064563751221,19884,195,26042
153.5568084716797,-1.0174705982208252,-3.922485113143921,17949,144,27412
153.5568084716797,-1.0174705982208252,-3.922485113143921,17949,144,27412
153.5568084716797,-1.0174705982208252,-3.922485113143921,17949,144,27412
155.41090393066406,-1.006726622581482,-0.8866206407546997,15975,34,28608
155.41090393066406,-1.006726622581482,-0.8866206407546997,15975,34,28608
155.41090393066406,-1.006726622581482,-0.8866206407546997,15975,34,28608
157.0791015625,-1.0106797218322754,2.306994915008545,13974,-133,29637
157.0791015625,-1.0106797218322754,2.306994915008545,13974,-133,29637
157.0791015625,-1.0106797218322754,2.306994915008545,13974,-133,29637
158.5443115234375,-1.0314149856567383,5.632866382598877,11946,-252,30510
158.5443115234375,-1.0314149856567383,5.632866382598877,11946,-252,30510
158.5443115234375,-1.0314149856567383,5.632866382598877,11946,-252,30510
159.79640197753906,-1.0625081062316895,9.09272575378418,9891,-313,31236
159.79640197753906,-1.0625081062316895,9.09272575378418,9891,-313,31236
159.79640197753906,-1.0625081062316895,9.09272575378418,9891,-313,31236
160.82147216796875,-1.1003180742263794,12.665151596069336,7813,-313,31820
160.82147216796875,-1.1003180742263794,12.665151596069336,7813,-313,31820
160.82147216796875,-1.1003180742263794,12.665151596069336,7813,-313,31820
161.60415649414062,-1.1341663599014282,16.32350730895996,5710,-254,32264
161.60415649414062,-1.1341663599014282,16.32350730895996,5710,-254,32264
161.60415649414062,-1.1341663599014282,16.32350730895996,5710,-254,32264
162.1663818359375,-1.158845067024231,20.059053421020508,3848,-154,32539
162.1663818359375,-1.158845067024231,20.059053421020508,3848,-154,32539
162.1663818359375,-1.158845067024231,20.059053421020508,3848,-154,32539
162.61444091796875,-1.1726274490356445,23.914875030517578,3082,-68,32621
162.61444091796875,-1.1726274490356445,23.914875030517578,3082,-68,32621
162.61444091796875,-1.1726274490356445,23.914875030517578,3082,-68,32621
163.11338806152344,-1.1790822744369507,29.222978591918945,2958,7,32633
163.11338806152344,-1.1790822744369507,29.222978591918945,2958,7,32633
163.11338806152344,-1.1790822744369507,29.222978591918945,2958,7,32633
163.3753204345703,-1.1808817386627197,31.965282440185547,3111,24,32618
163.3753204345703,-1.1808817386627197,31.965282440185547,3111,24,32618
163.3753204345703,-1.1808817386627197,31.965282440185547,3111,24,32618
163.83233642578125,-1.1836458444595337,36.20186233520508,3707,27,32556
163.83233642578125,-1.1836458444595337,36.20186233520508,3707,27,32556
163.83233642578125,-1.1836458444595337,36.20186233520508,3707,27,32556
164.3446502685547,-1.1858344078063965,40.53742599487305,3999,-27,32522
164.3446502685547,-1.1858344078063965,40.53742599487305,3999,-27,32522
164.3446502685547,-1.1858344078063965,40.53742599487305,3999,-27,32522
164.89291381835938,-1.1909995079040527,44.84531021118164,4231,-76,32492
164.89291381835938,-1.1909995079040527,44.84531021118164,4231,-76,32492
164.89291381835938,-1.1909995079040527,44.84531021118164,4231,-76,32492
165.50486755371094,-1.1995083093643188,49.094146728515625,4890,-148,32399
165.50486755371094,-1.1995083093643188,49.094146728515625,4890,-148,32399
165.50486755371094,-1.1995083093643188,49.094146728515625,4890,-148,32399
166.23104858398438,-1.218618392944336,53.227447509765625,6123,-268,32188
166.23104858398438,-1.218618392944336,53.227447509765625,6123,-268,32188
166.23104858398438,-1.218618392944336,53.227447509765625,6123,-268,32188
167.09375,-1.2354633808135986,57.0948371887207,7791,-242,31826
167.09375,-1.2354633808135986,57.0948371887207,7791,-242,31826
167.09375,-1.2354633808135986,57.0948371887207,7791,-242,31826
168.09544372558594,-1.2485002279281616,60.675750732421875,9699,-136,31298
168.09544372558594,-1.2485002279281616,60.675750732421875,9699,-136,31298
168.09544372558594,-1.2485002279281616,60.675750732421875,9699,-136,31298
169.24557495117188,-1.2474366426467896,63.982940673828125,11696,-4,30608
169.24557495117188,-1.2474366426467896,63.982940673828125,11696,-4,30608
169.24557495117188,-1.2474366426467896,63.982940673828125,11696,-4,30608
170.52818298339844,-1.2380305528640747,67.0362777709961,13802,36,29717
170.52818298339844,-1.2380305528640747,67.0362777709961,13802,36,29717
170.52818298339844,-1.2380305528640747,67.0362777709961,13802,36,29717
171.92724609375,-1.2238131761550903,69.83329010009766,15880,47,28661
171.92724609375,-1.2238131761550903,69.83329010009766,15880,47,28661
171.92724609375,-1.2238131761550903,69.83329010009766,15880,47,28661
173.97935485839844,-1.2157788276672363,73.20490264892578,18502,-68,27043
173.97935485839844,-1.2157788276672363,73.20490264892578,18502,-68,27043
173.97935485839844,-1.2157788276672363,73.20490264892578,18502,-68,27043
175.654052734375,-1.2227119207382202,75.4903793334961,20425,-189,25621
175.654052734375,-1.2227119207382202,75.4903793334961,20425,-189,25621
175.654052734375,-1.2227119207382202,75.4903793334961,20425,-189,25621
177.45391845703125,-1.2363300323486328,77.57958984375,22271,-243,24033
177.45391845703125,-1.2363300323486328,77.57958984375,22271,-243,24033
177.45391845703125,-1.2363300323486328,77.57958984375,22271,-243,24033
179.3892364501953,-1.2524654865264893,79.47882843017578,23996,-270,22311
179.3892364501953,-1.2524654865264893,79.47882843017578,23996,-270,22311
179.3892364501953,-1.2524654865264893,79.47882843017578,23996,-270,22311
181.42303466796875,-1.2710849046707153,81.17337036132812,25637,-282,20403
181.42303466796875,-1.2710849046707153,81.17337036132812,25637,-282,20403
181.42303466796875,-1.2710849046707153,81.17337036132812,25637,-282,20403
183.52603149414062,-1.2873098850250244,82.65522766113281,27203,-191,18265
183.52603149414062,-1.2873098850250244,82.65522766113281,27203,-191,18265
183.52603149414062,-1.2873098850250244,82.65522766113281,27203,-191,18265
185.7365264892578,-1.298727035522461,84.04946899414062,28047,-139,16941
185.7365264892578,-1.298727035522461,84.04946899414062,28047,-139,16941
185.7365264892578,-1.298727035522461,84.04946899414062,28047,-139,16941
188.08583068847656,-1.3098618984222412,85.35720825195312,28743,-71,15731
188.08583068847656,-1.3098618984222412,85.35720825195312,28743,-71,15731
188.08583068847656,-1.3098618984222412,85.35720825195312,28743,-71,15731
190.57826232910156,-1.315759301185608,86.56322479248047,29589,-91,14076
190.57826232910156,-1.315759301185608,86.56322479248047,29589,-91,14076
190.57826232910156,-1.315759301185608,86.56322479248047,29589,-91,14076
193.1182403564453,-1.3166382312774658,87.5807876586914,30520,-46,11924
193.1182403564453,-1.3166382312774658,87.5807876586914,30520,-46,11924
193.1182403564453,-1.3166382312774658,87.5807876586914,30520,-46,11924
195.68296813964844,-1.3156380653381348,88.3873291015625,31379,-20,9433
195.68296813964844,-1.3156380653381348,88.3873291015625,31379,-20,9433
195.68296813964844,-1.3156380653381348,88.3873291015625,31379,-20,9433
198.2408447265625,-1.3121557235717773,88.96466064453125,32072,35,6708
198.2408447265625,-1.3121557235717773,88.96466064453125,32072,35,6708
198.2408447265625,-1.3121557235717773,88.96466064453125,32072,35,6708
200.77537536621094,-1.3040541410446167,89.31028747558594,32542,92,3824
200.77537536621094,-1.3040541410446167,89.31028747558594,32542,92,3824
200.77537536621094,-1.3040541410446167,89.31028747558594,32542,92,3824
204.15005493164062,-1.2892166376113892,89.42214965820312,32766,144,-55
204.15005493164062,-1.2892166376113892,89.42214965820312,32766,144,-55
204.15005493164062,-1.2892166376113892,89.42214965820312,32766,144,-55
206.7291259765625,-1.278807282447815,89.2589111328125,32637,176,-2905
206.7291259765625,-1.278807282447815,89.2589111328125,32637,176,-2905
206.7291259765625,-1.278807282447815,89.2589111328125,32637,176,-2905
209.3432159423828,-1.2623085975646973,88.87169647216797,32270,182,-5677
209.3432159423828,-1.2623085975646973,88.87169647216797,32270,182,-5677
209.3432159423828,-1.2623085975646973,88.87169647216797,32270,182,-5677
211.9562530517578,-1.2476236820220947,88.2648696899414,31687,188,-8339
211.9562530517578,-1.2476236820220947,88.2648696899414,31687,188,-8339
211.9562530517578,-1.2476236820220947,88.2648696899414,31687,188,-8339
215.3612518310547,-1.2263566255569458,87.11682891845703,30621,151,-11661
215.3612518310547,-1.2263566255569458,87.11682891845703,30621,151,-11661
215.3612518310547,-1.2263566255569458,87.11682891845703,30621,151,-11661
217.7928924560547,-1.2129414081573486,86.02662658691406,29575,123,-14104
217.7928924560547,-1.2129414081573486,86.02662658691406,29575,123,-14104
217.7928924560547,-1.2129414081573486,86.02662658691406,29575,123,-14104
220.06752014160156,-1.2009676694869995,84.76607513427734,28280,106,-16549
220.06752014160156,-1.2009676694869995,84.76607513427734,28280,106,-16549
220.06752014160156,-1.2009676694869995,84.76607513427734,28280,106,-16549
222.1673583984375,-1.1902153491973877,83.35388946533203,26724,81,-18959
222.1673583984375,-1.1902153491973877,83.35388946533203,26724,81,-18959
222.1673583984375,-1.1902153491973877,83.35388946533203,26724,81,-18959
224.08551025390625,-1.179782748222351,81.80218505859375,24920,34,-21275
224.08551025390625,-1.179782748222351,81.80218505859375,24920,34,-21275
224.08551025390625,-1.179782748222351,81.80218505859375,24920,34,-21275
226.30679321289062,-1.1714222431182861,79.6165771484375,22151,24,-24144
226.30679321289062,-1.1714222431182861,79.6165771484375,22151,24,-24144
226.30679321289062,-1.1714222431182861,79.6165771484375,22151,24,-24144
227.72048950195312,-1.1656323671340942,77.8877944946289,19833,13,-26082
227.72048950195312,-1.1656323671340942,77.8877944946289,19833,13,-26082
227.72048950195312,-1.1656323671340942,77.8877944946289,19833,13,-26082
228.9344940185547,-1.1622674465179443,76.07030487060547,17333,25,-27806
228.9344940185547,-1.1622674465179443,76.07030487060547,17333,25,-27806
228.9344940185547,-1.1622674465179443,76.07030487060547,17333,25,-27806
229.97561645507812,-1.1592953205108643,74.1350326538086,14770,27,-29249
229.97561645507812,-1.1592953205108643,74.1350326538086,14770,27,-29249
229.97561645507812,-1.1592953205108643,74.1350326538086,14770,27,-29249
231.22328186035156,-1.1554584503173828,71.39221954345703,12493,49,-30291
231.22328186035156,-1.1554584503173828,71.39221954345703,12493,49,-30291
231.22328186035156,-1.1554584503173828,71.39221954345703,12493,49,-30291
232.14645385742188,-1.1529196500778198,69.2182846069336,12349,56,-30350
232.14645385742188,-1.1529196500778198,69.2182846069336,12349,56,-30350
232.14645385742188,-1.1529196500778198,69.2182846069336,12349,56,-30350
233.08197021484375,-1.1486703157424927,66.93054962158203,12392,71,-30333
233.08197021484375,-1.1486703157424927,66.93054962158203,12392,71,-30333
233.08197021484375,-1.1486703157424927,66.93054962158203,12392,71,-30333
234.0572052001953,-1.1441389322280884,64.54383087158203,12397,64,-30331
234.0572052001953,-1.1441389322280884,64.54383087158203,12397,64,-30331
234.0572052001953,-1.1441389322280884,64.54383087158203,12397,64,-30331
235.06405639648438,-1.137034296989441,62.071006774902344,12358,90,-30346
235.06405639648438,-1.137034296989441,62.071006774902344,12358,90,-30346
235.06405639648438,-1.137034296989441,62.071006774902344,12358,90,-30346
236.07427978515625,-1.1303633451461792,59.50599670410156,11997,89,-30491
236.07427978515625,-1.1303633451461792,59.50599670410156,11997,89,-30491
236.07427978515625,-1.1303633451461792,59.50599670410156,11997,89,-30491
237.06411743164062,-1.122848629951477,56.826171875,11280,109,-30764
237.06411743164062,-1.122848629951477,56.826171875,11280,109,-30764
237.06411743164062,-1.122848629951477,56.826171875,11280,109,-30764
238.07269287109375,-1.1135691404342651,54.04594421386719,11071,111,-30839
238.07269287109375,-1.1135691404342651,54.04594421386719,11071,111,-30839
238.07269287109375,-1.1135691404342651,54.04594421386719,11071,111,-30839
239.42691040039062,-1.1041934490203857,50.21149444580078,10834,126,-30923
239.42691040039062,-1.1041934490203857,50.21149444580078,10834,126,-30923
239.42691040039062,-1.1041934490203857,50.21149444580078,10834,126,-30923
240.09658813476562,-1.0951515436172485,48.22273635864258,10481,115,-31045
240.09658813476562,-1.0951515436172485,48.22273635864258,10481,115,-31045
240.09658813476562,-1.0951515436172485,48.22273635864258,10481,115,-31045
241.11631774902344,-1.0877878665924072,45.16292953491211,10262,141,-31118
241.11631774902344,-1.0877878665924072,45.16292953491211,10262,141,-31118
241.11631774902344,-1.0877878665924072,45.16292953491211,10262,141,-31118
242.50389099121094,-1.0744290351867676,40.94117736816406,10199,78,-31139
242.50389099121094,-1.0744290351867676,40.94117736816406,10199,78,-31139
242.50389099121094,-1.0744290351867676,40.94117736816406,10199,78,-31139
243.54940795898438,-1.0650941133499146,37.65282440185547,9867,111,-31245
243.54940795898438,-1.0650941133499146,37.65282440185547,9867,111,-31245
243.54940795898438,-1.0650941133499146,37.65282440185547,9867,111,-31245
244.55079650878906,-1.0567227602005005,34.228431701660156,8988,116,-31509
244.55079650878906,-1.0567227602005005,34.228431701660156,8988,116,-31509
244.55079650878906,-1.0567227602005005,34.228431701660156,8988,116,-31509
245.43824768066406,-1.0474110841751099,30.68526840209961,7550,74,-31885
245.43824768066406,-1.0474110841751099,30.68526840209961,7550,74,-31885
245.43824768066406,-1.0474110841751099,30.68526840209961,7550,74,-31885
246.2640380859375,-1.0411006212234497,27.032501220703125,6764,83,-32061
246.2640380859375,-1.0411006212234497,27.032501220703125,6764,83,-32061
246.2640380859375,-1.0411006212234497,27.032501220703125,6764,83,-32061
247.04177856445312,-1.0354315042495728,23.254926681518555,6418,83,-32132
247.04177856445312,-1.0354315042495728,23.254926681518555,6418,83,-32132
247.04177856445312,-1.0354315042495728,23.254926681518555,6418,83,-32132
247.77743530273438,-1.0303868055343628,19.321128845214844,5813,65,-32247
247.77743530273438,-1.0303868055343628,19.321128845214844,5813,65,-32247
247.77743530273438,-1.0303868055343628,19.321128845214844,5813,65,-32247
248.50071716308594,-1.0302960872650146,15.240462303161621,5535,16,-32296
248.50071716308594,-1.0302960872650146,15.240462303161621,5535,16,-32296
248.50071716308594,-1.0302960872650146,15.240462303161621,5535,16,-32296
249.21543884277344,-1.026997447013855,11.05140209197998,5457,32,-32309
249.21543884277344,-1.026997447013855,11.05140209197998,5457,32,-32309
249.21543884277344,-1.026997447013855,11.05140209197998,5457,32,-32309
249.91690063476562,-1.029892086982727,6.7302021980285645,5147,40,-32360
249.91690063476562,-1.029892086982727,6.7302021980285645,5147,40,-32360
249.91690063476562,-1.029892086982727,6.7302021980285645,5147,40,-32360
250.55966186523438,-1.0294729471206665,2.246396780014038,4359,43,-32475
250.55966186523438,-1.0294729471206665,2.246396780014038,4359,43,-32475
250.55966186523438,-1.0294729471206665,2.246396780014038,4359,43,-32475
251.12969970703125,-1.031184434890747,-2.3862922191619873,3659,41,-32562
251.12969970703125,-1.031184434890747,-2.3862922191619873,3659,41,-32562
251.12969970703125,-1.031184434890747,-2.3862922191619873,3659,41,-32562
251.66038513183594,-1.0310980081558228,-7.164217472076416,3468,40,-32582
251.66038513183594,-1.0310980081558228,-7.164217472076416,3468,40,-32582
251.66038513183594,-1.0310980081558228,-7.164217472076416,3468,40,-32582
252.1591339111328,-1.0319985151290894,-12.06153678894043,3208,37,-32609
252.1591339111328,-1.0319985151290894,-12.06153678894043,3208,37,-32609
252.1591339111328,-1.0319985151290894,-12.06153678894043,3208,37,-32609
252.62107849121094,-1.0332850217819214,-17.06619644165039,2856,45,-32642
252.62107849121094,-1.0332850217819214,-17.06619644165039,2856,45,-32642
252.62107849121094,-1.0332850217819214,-17.06619644165039,2856,45,-32642
253.02647399902344,-1.03310227394104,-22.212438583374023,2336,44,-32683
253.02647399902344,-1.03310227394104,-22.212438583374023,2336,44,-32683
253.02647399902344,-1.03310227394104,-22.212438583374023,2336,44,-32683
253.38998413085938,-1.0338213443756104,-29.278162002563477,1076,29,-32749
253.38998413085938,-1.0338213443756104,-29.278162002563477,1076,29,-32749
253.38998413085938,-1.0338213443756104,-29.278162002563477,1076,29,-32749
253.47691345214844,-1.0344685316085815,-34.693267822265625,-51,48,-32766
253.47691345214844,-1.0344685316085815,-34.693267822265625,-51,48,-32766
253.47691345214844,-1.0344685316085815,-34.693267822265625,-51,48,-32766
253.38037109375,-1.0345566272735596,-40.207237243652344,-1202,44,-32744
253.38037109375,-1.0345566272735596,-40.207237243652344,-1202,44,-32744
253.38037109375,-1.0345566272735596,-40.207237243652344,-1202,44,-32744
253.11001586914062,-1.0359275341033936,-45.78990936279297,-2135,50,-32697
253.11001586914062,-1.0359275341033936,-45.78990936279297,-2135,50,-32697
253.11001586914062,-1.0359275341033936,-45.78990936279297,-2135,50,-32697
252.67623901367188,-1.0361833572387695,-51.45794677734375,-2969,44,-32632
252.67623901367188,-1.0361833572387695,-51.45794677734375,-2969,44,-32632
252.67623901367188,-1.0361833572387695,-51.45794677734375,-2969,44,-32632
252.06053161621094,-1.0359984636306763,-57.198089599609375,-4052,49,-32515
252.06053161621094,-1.0359984636306763,-57.198089599609375,-4052,49,-32515
252.06053161621094,-1.0359984636306763,-57.198089599609375,-4052,49,-32515
251.2194061279297,-1.037049651145935,-62.99045944213867,-5482,48,-32304
251.2194061279297,-1.037049651145935,-62.99045944213867,-5482,48,-32304
251.2194061279297,-1.037049651145935,-62.99045944213867,-5482,48,-32304
250.1057891845703,-1.0380703210830688,-68.80604553222656,-7125,29,-31982
250.1057891845703,-1.0380703210830688,-68.80604553222656,-7125,29,-31982
250.1057891845703,-1.0380703210830688,-68.80604553222656,-7125,29,-31982
248.69703674316406,-1.0382435321807861,-74.55900573730469,-8931,1,-31526
248.69703674316406,-1.0382435321807861,-74.55900573730469,-8931,1,-31526
248.69703674316406,-1.0382435321807861,-74.55900573730469,-8931,1,-31526
246.9974365234375,-1.035813570022583,-80.14535522460938,-10836,-8,-30923
246.9974365234375,-1.035813570022583,-80.14535522460938,-10836,-8,-30923
246.9974365234375,-1.035813570022583,-80.14535522460938,-10836,-8,-30923
245.0106964111328,-1.0363736152648926,-85.5430679321289,-12737,19,-30189
245.0106964111328,-1.0363736152648926,-85.5430679321289,-12737,19,-30189
245.0106964111328,-1.0363736152648926,-85.5430679321289,-12737,19,-30189
242.71762084960938,-1.0350605249404907,-90.81196594238281,-14537,44,-29365
242.71762084960938,-1.0350605249404907,-90.81196594238281,-14537,44,-29365
242.71762084960938,-1.0350605249404907,-90.81196594238281,-14537,44,-29365
240.09144592285156,-1.0367258787155151,-96.02791595458984,-16253,44,-28451
240.09144592285156,-1.0367258787155151,-96.02791595458984,-16253,44,-28451
240.09144592285156,-1.0367258787155151,-96.02791595458984,-16253,44,-28451
237.13201904296875,-1.0369676351547241,-101.15438842773438,-17871,45,-27463
237.13201904296875,-1.0369676351547241,-101.15438842773438,-17871,45,-27463
237.13201904296875,-1.0369676351547241,-101.15438842773438,-17871,45,-27463
233.8253173828125,-1.0388575792312622,-106.19518280029297,-19399,52,-26407
233.8253173828125,-1.0388575792312622,-106.19518280029297,-19399,52,-26407
233.8253173828125,-1.0388575792312622,-106.19518280029297,-19399,52,-26407
230.21937561035156,-1.0396898984909058,-111.08971405029297,-20667,44,-25426
230.21937561035156,-1.0396898984909058,-111.08971405029297,-20667,44,-25426
230.21937561035156,-1.0396898984909058,-111.08971405029297,-20667,44,-25426
226.3657989501953,-1.039941668510437,-115.86215209960938,-21321,45,-24881
226.3657989501953,-1.039941668510437,-115.86215209960938,-21321,45,-24881
226.3657989501953,-1.039941668510437,-115.86215209960938,-21321,45,-24881
220.946044921875,-1.044025182723999,-122.09677124023438,-21862,51,-24406
220.946044921875,-1.044025182723999,-122.09677124023438,-21862,51,-24406
220.946044921875,-1.044025182723999,-122.09677124023438,-21862,51,-24406
218.1286163330078,-1.044514536857605,-125.18913269042969,-22273,39,-24032
218.1286163330078,-1.044514536857605,-125.18913269042969,-22273,39,-24032
218.1286163330078,-1.044514536857605,-125.18913269042969,-22273,39,-24032
213.77804565429688,-1.0474222898483276,-129.84780883789062,-22554,45,-23768
213.77804565429688,-1.0474222898483276,-129.84780883789062,-22554,45,-23768
213.77804565429688,-1.0474222898483276,-129.84780883789062,-22554,45,-23768
209.33497619628906,-1.0510663986206055,-134.5296173095703,-22605,42,-23720
209.33497619628906,-1.0510663986206055,-134.5296173095703,-22605,42,-23720
209.33497619628906,-1.0510663986206055,-134.5296173095703,-22605,42,-23720
204.84555053710938,-1.0541516542434692,-139.21377563476562,-22743,40,-23588
204.84555053710938,-1.0541516542434692,-139.21377563476562,-22743,40,-23588
204.84555053710938,-1.0541516542434692,-139.21377563476562,-22743,40,-23588
200.26063537597656,-1.0552682876586914,-143.8798370361328,-23191,16,-23148
200.26063537597656,-1.0552682876586914,-143.8798370361328,-23191,16,-23148
200.26063537597656,-1.0552682876586914,-143.8798370361328,-23191,16,-23148
193.93569946289062,-1.062217354774475,-150.0447998046875,-23758,20,-22566
193.93569946289062,-1.062217354774475,-150.0447998046875,-23758,20,-22566
193.93569946289062,-1.062217354774475,-150.0447998046875,-23758,20,-22566
190.689697265625,-1.064622402191162,-153.11412048339844,-23928,12,-22385
190.689697265625,-1.064622402191162,-153.11412048339844,-23928,12,-22385
190.689697265625,-1.064622402191162,-153.11412048339844,-23928,12,-22385
184.0214385986328,-1.0705872774124146,-159.18348693847656,-24625,13,-21615
184.0214385986328,-1.0705872774124146,-159.18348693847656,-24625,13,-21615
184.0214385986328,-1.0705872774124146,-159.18348693847656,-24625,13,-21615
180.5773468017578,-1.0756136178970337,-162.16436767578125,-25055,13,-21116
180.5773468017578,-1.0756136178970337,-162.16436767578125,-25055,13,-21116
180.5773468017578,-1.0756136178970337,-162.16436767578125,-25055,13,-21116
175.2994842529297,-1.080168604850769,-166.59915161132812,-25278,12,-20848
175.2994842529297,-1.080168604850769,-166.59915161132812,-25278,12,-20848
175.2994842529297,-1.080168604850769,-166.59915161132812,-25278,12,-20848
168.13677978515625,-1.088719129562378,-172.5037078857422,-25323,12,-20794
168.13677978515625,-1.088719129562378,-172.5037078857422,-25323,12,-20794
168.13677978515625,-1.088719129562378,-172.5037078857422,-25323,12,-20794
164.52365112304688,-1.0933797359466553,-175.47125244140625,-25326,13,-20790
164.52365112304688,-1.0933797359466553,-175.47125244140625,-25326,13,-20790
164.52365112304688,-1.0933797359466553,-175.47125244140625,-25326,13,-20790
159.06443786621094,-1.0990320444107056,-179.9530487060547,-25327,9,-20789
159.06443786621094,-1.0990320444107056,-179.9530487060547,-25327,9,-20789
159.06443786621094,-1.0990320444107056,-179.9530487060547,-25327,9,-20789
151.7255859375,-1.1094881296157837,-185.97695922851562,-25327,9,-20789
151.7255859375,-1.1094881296157837,-185.97695922851562,-25327,9,-20789
151.7255859375,-1.1094881296157837,-185.97695922851562,-25327,9,-20789
146.169921875,-1.117317795753479,-190.52601623535156,-25382,9,-20721
146.169921875,-1.117317795753479,-190.52601623535156,-25382,9,-20721
146.169921875,-1.117317795753479,-190.52601623535156,-25382,9,-20721
140.53138732910156,-1.1232273578643799,-195.0734405517578,-25642,4,-20399
140.53138732910156,-1.1232273578643799,-195.0734405517578,-25642,4,-20399
140.53138732910156,-1.1232273578643799,-195.0734405517578,-25642,4,-20399
134.81637573242188,-1.132777452468872,-199.6028289794922,-25779,5,-20225
134.81637573242188,-1.132777452468872,-199.6028289794922,-25779,5,-20225
134.81637573242188,-1.132777452468872,-199.6028289794922,-25779,5,-20225
129.0479736328125,-1.1414238214492798,-204.12921142578125,-25805,3,-20193
129.0479736328125,-1.1414238214492798,-204.12921142578125,-25805,3,-20193
129.0479736328125,-1.1414238214492798,-204.12921142578125,-25805,3,-20193
123.2499008178711,-1.150547981262207,-208.67050170898438,-25790,5,-20212
123.2499008178711,-1.150547981262207,-208.67050170898438,-25790,5,-20212
123.2499008178711,-1.150547981262207,-208.67050170898438,-25790,5,-20212
117.43724822998047,-1.1606947183609009,-213.26300048828125,-25623,3,-20423
117.43724822998047,-1.1606947183609009,-213.26300048828125,-25623,3,-20423
117.43724822998047,-1.1606947183609009,-213.26300048828125,-25623,3,-20423
111.57611083984375,-1.1676653623580933,-217.95062255859375,-25516,1,-20556
111.57611083984375,-1.1676653623580933,-217.95062255859375,-25516,1,-20556
111.57611083984375,-1.1676653623580933,-217.95062255859375,-25516,1,-20556
105.69461822509766,-1.1805964708328247,-222.68809509277344,-25497,1,-20580
105.69461822509766,-1.1805964708328247,-222.68809509277344,-25497,1,-20580
105.69461822509766,-1.1805964708328247,-222.68809509277344,-25497,1,-20580
99.80595397949219,-1.1885461807250977,-227.4524688720703,-25438,0,-20653
99.80595397949219,-1.1885461807250977,-227.4524688720703,-25438,0,-20653
99.80595397949219,-1.1885461807250977,-227.4524688720703,-25438,0,-20653
93.89189910888672,-1.200435996055603,-232.31187438964844,-25170,3,-20979
93.89189910888672,-1.200435996055603,-232.31187438964844,-25170,3,-20979
93.89189910888672,-1.200435996055603,-232.31187438964844,-25170,3,-20979
87.96208953857422,-1.2101249694824219,-237.27281188964844,-25024,-2,-21153
87.96208953857422,-1.2101249694824219,-237.27281188964844,-25024,-2,-21153
87.96208953857422,-1.2101249694824219,-237.27281188964844,-25024,-2,-21153
82.03943634033203,-1.2222232818603516,-242.27804565429688,-24997,2,-21185
82.03943634033203,-1.2222232818603516,-242.27804565429688,-24997,2,-21185
82.03943634033203,-1.2222232818603516,-242.27804565429688,-24997,2,-21185
76.10861206054688,-1.2322534322738647,-247.30389404296875,-24992,-5,-21190
76.10861206054688,-1.2322534322738647,-247.30389404296875,-24992,-5,-21190
76.10861206054688,-1.2322534322738647,-247.30389404296875,-24992,-5,-21190
70.13108825683594,-1.244848370552063,-252.37193298339844,-24992,-2,-21191
70.13108825683594,-1.244848370552063,-252.37193298339844,-24992,-2,-21191
70.13108825683594,-1.244848370552063,-252.37193298339844,-24992,-2,-21191
64.11663818359375,-1.2561116218566895,-257.4715881347656,-24992,-4,-21191
64.11663818359375,-1.2561116218566895,-257.4715881347656,-24992,-4,-21191
64.11663818359375,-1.2561116218566895,-257.4715881347656,-24992,-4,-21191
58.09343338012695,-1.2688641548156738,-262.578857421875,-24992,-1,-21191
58.09343338012695,-1.2688641548156738,-262.578857421875,-24992,-1,-21191
58.09343338012695,-1.2688641548156738,-262.578857421875,-24992,-1,-21191
52.075927734375,-1.2801754474639893,-267.68115234375,-24992,-4,-21191
52.075927734375,-1.2801754474639893,-267.68115234375,-24992,-4,-21191
52.075927734375,-1.2801754474639893,-267.68115234375,-24992,-4,-21191
44.0446662902832,-1.295056939125061,-274.4911193847656,-24992,-4,-21191
44.0446662902832,-1.295056939125061,-274.4911193847656,-24992,-4,-21191
44.0446662902832,-1.295056939125061,-274.4911193847656,-24992,-4,-21191
38.000308990478516,-1.3089015483856201,-279.6162414550781,-24992,-1,-21191
38.000308990478516,-1.3089015483856201,-279.6162414550781,-24992,-1,-21191
38.000308990478516,-1.3089015483856201,-279.6162414550781,-24992,-1,-21191
31.920007705688477,-1.3218311071395874,-284.77203369140625,-24991,-2,-21191
31.920007705688477,-1.3218311071395874,-284.77203369140625,-24991,-2,-21191
31.920007705688477,-1.3218311071395874,-284.77203369140625,-24991,-2,-21191
25.808048248291016,-1.3349437713623047,-289.9546203613281,-24991,-1,-21191
25.808048248291016,-1.3349437713623047,-289.9546203613281,-24991,-1,-21191
25.808048248291016,-1.3349437713623047,-289.9546203613281,-24991,-1,-21191
19.658954620361328,-1.3472301959991455,-295.1686706542969,-24991,-7,-21191
19.658954620361328,-1.3472301959991455,-295.1686706542969,-24991,-7,-21191
19.658954620361328,-1.3472301959991455,-295.1686706542969,-24991,-7,-21191
13.503870010375977,-1.3588746786117554,-300.3880920410156,-24991,0,-21191
13.503870010375977,-1.3588746786117554,-300.3880920410156,-24991,0,-21191
13.503870010375977,-1.3588746786117554,-300.3880920410156,-24991,0,-21191
7.336537837982178,-1.3721081018447876,-305.61773681640625,-24991,-2,-21191
7.336537837982178,-1.3721081018447876,-305.61773681640625,-24991,-2,-21191
7.336537837982178,-1.3721081018447876,-305.61773681640625,-24991,-2,-21191
1.1588809490203857,-1.3854482173919678,-310.85601806640625,-24991,-2,-21192
1.1588809490203857,-1.3854482173919678,-310.85601806640625,-24991,-2,-21192
1.1588809490203857,-1.3854482173919678,-310.85601806640625,-24991,-2,-21192
-5.035840034484863,-1.3984543085098267,-316.1089782714844,-24991,-4,-21191
-5.035840034484863,-1.3984543085098267,-316.1089782714844,-24991,-4,-21191
-5.035840034484863,-1.3984543085098267,-316.1089782714844,-24991,-4,-21191
-11.2655668258667,-1.4113788604736328,-321.3914489746094,-24991,-4,-21192
-11.2655668258667,-1.4113788604736328,-321.3914489746094,-24991,-4,-21192
-11.2655668258667,-1.4113788604736328,-321.3914489746094,-24991,-4,-21192
-17.521358489990234,-1.4236794710159302,-326.6961364746094,-24991,-3,-21192
-17.521358489990234,-1.4236794710159302,-326.6961364746094,-24991,-3,-21192
-17.521358489990234,-1.4236794710159302,-326.6961364746094,-24991,-3,-21192
-23.79057502746582,-1.436698317527771,-332.0121765136719,-24991,-1,-21192
-23.79057502746582,-1.436698317527771,-332.0121765136719,-24991,-1,-21192
-23.79057502746582,-1.436698317527771,-332.0121765136719,-24991,-1,-21192
-30.064077377319336,-1.450411081314087,-337.33184814453125,-24991,0,-21192
-30.064077377319336,-1.450411081314087,-337.33184814453125,-24991,0,-21192
-30.064077377319336,-1.450411081314087,-337.33184814453125,-24991,0,-21192
-36.33965301513672,-1.4622752666473389,-342.6534423828125,-24991,-3,-21192
-36.33965301513672,-1.4622752666473389,-342.6534423828125,-24991,-3,-21192
-36.33965301513672,-1.4622752666473389,-342.6534423828125,-24991,-3,-21192
-42.644798278808594,-1.477125644683838,-348.0002136230469,-24991,0,-21192
-42.644798278808594,-1.477125644683838,-348.0002136230469,-24991,0,-21192
-42.644798278808594,-1.477125644683838,-348.0002136230469,-24991,0,-21192
-48.99032211303711,-1.489067554473877,-353.38104248046875,-24991,0,-21192
-48.99032211303711,-1.489067554473877,-353.38104248046875,-24991,0,-21192
-48.99032211303711,-1.489067554473877,-353.38104248046875,-24991,0,-21192
-55.34538269042969,-1.5020016431808472,-358.77001953125,-24991,-40,-21192
-55.34538269042969,-1.5020016431808472,-358.77001953125,-24991,-40,-21192
-55.34538269042969,-1.5020016431808472,-358.77001953125,-24991,-40,-21192
-55.34538269042969,-1.5020016431808472,-358.77001953125,-24991,-40,-21192
-55.34538269042969,-1.5020016431808472,-358.77001953125,-24991,-40,-21192
-55.34538269042969,-1.5020016431808472,-358.77001953125,-24991,-40,-21192
-55.34538269042969,-1.5020016431808472,-358.77001953125,-24991,-40,-21192
-55.34538269042969,-1.5020016431808472,-358.77001953125,-24991,-40,-21192